  3   3   3   3   3   6   5   6   0   0   0   3   1   0   6   5
  2   2   2   3   3   2   8   6   1   9   3   9   0   0   4   4
  0   0   0   0   0   1  10  36   3   5   7   8  12   0   0   1
  0   0   0   0   2   2   1  67   0   7  10  14   4   9   1   0
  2   3   3   2   4   0  14  74   4   7  12  14   5   6   2   0
 55  46  34  23  16   2   0  88   4  22  22   0  25   0   1   0
 96  89  63  54  52  51  32  79  36  30  25   0  23  17  15   0
 97 100  39  47  58  61  39  69  58  63  27  17   7   9  10   4
 99  15  48   1  51  94  21  61  91   6  62   6  10   3   0   0
101  40  78  10   3  32  40  39  29   7  43   6   2  15   0   0
 61  36   0   1  20  33  36  59  28  18   5  60  10   5   4   3
 19  11  41   1   7  33  36  61  12   0  64  67  13   8   3   0
 94   0   2  26   2   0   4  27   4  31  73  14  18  10   3   2
  0   2   0   3  20   0   8  12   0  25  35  24  19  11   4   2
 28  21   4   7  50  57   1   1   0   0   8   4  11  19   7   2
 26  30   6   0  22  46   0   0   9   5   4   0   0   1   6   8
 21  21  21  21  21  21  23  27  39  43  52  58  51  35  23  22
 21  21  21  22  22  18  26  32  48 105 108 114 100  41  27  21
 21  21  21  21  21  13  25  61  53  98 107 110 105  41  29  22
 22  20  20  20  20  15  28 101  53  85  81  85  84  78  30  25
 28  29  29  29  27  17  53 127  49  57  61  58  55  54  31  25
102  91  77  61  55  33  28 137  55  94 101  53  94  37  32  26
161 151 120 112 105  98  68 137 102 105 111  38 103  95  71  31
161 161  93 105 121 122  95 132 121 129  90  49  78  77  74  65
163  61 115  35 110 160  76 123 159  55 136  45  62  59  35  14
166  92 139  30  44  84 107  97  96  44 100  53  41  57  14  14
103  97  12  23  71  91 102 127  76  55  46 123  33  23  21  20
 71  28  83  24  53  92 102 129  57  21 128 131  37  26  20  17
166  20  33  71  26  22  26  56  27  71 136  65  39  27  20  16
 25  30  18  34  82  18  23  27  26  63  90  75  40  28  21  16
 78  63  23  31 103 113  18  17  18  27  47  53  54  56  19  16
 72  79  24  29  76 113  15  14  42  55  30  20  20  39  51  42
 16  16  16  16  16  16  20  26  47  60  81  88  68  41  22  21
 16  16  16  17  17  14  23  35  61 135 154 159 143  50  25  20
 16  16  16  16  16   2  12  61  71 131 144 147 147  60  33  20
 17  15  15  15  15   1  39  93  73 111 112 109 113 101  35  22
 22  23  23  22  21   5  79 151  62  72  77  82  69  70  36  22
 97  86  72  57  48  32  51 161  70 106 118  74 109  49  37  28
152 143 117 141 135 123  92 180 131 135 130  47 122 111  78  32
157 153 111 144 160 166 139 178 174 178 123  55  89  86  88  70
157  54 138  46 145 200 114 167 205  88 185  48  65  62  30   1
158 112 177  36  68 118 146 132 139  66 130  72  46  58   3   3
 96 123  20  23 101 126 144 174 106  58  71 163  29  12   8   7
 62  20  95  28  84 126 143 176  81  17 162 171  33  15   7   4
153  12  41  95  17  17  14  60  36  87 175  97  31  16   7   4
 15  17  13  49 113  20  11  12  19  86 118 107  33  17   8   4
 75  59  20  35 134 142   5   6  12  37  68  80  79  68   5   4
 71  77  21  32  97 141   6   8  50  71  39  17  22  52  77  57

  1   0   0   0   0   0   1   5   2   0   1   0   0   1   1   8
  2   0   0   1   1   0   6   9   3   0   1   2   1   1   4   9
  1   2   3   5   3   2  15  10   6   2   4   6   7   7   9   4
  4   5   5   4   3  18  18  12  13   8   8  24  15  16  11   2
  3   7   6   6   5   8   9   7  14  33  54  55  24  21  12   1
  3   7   5   5   5  20  22  41  54  40  12  48  63  43  14   3
  4   4   5   6   4  15  34  66  40  12  20  18  25  19   6   7
  3   0   2   2   2   6  33  60  86  50  24  21  11   3   1   6
  2  13  38  44  54  35  39  54  56  40  62  59  33   7   1   1
  2   6  18  24  29  13  26  50  44  50  45  37  15   4   1   1
  2   1   2   1   1   6  27  60  62  36  30  31  12  12  36  33
  1   1   1   1   5  17  37  52  38  16  11  12  16  31  30  27
  1   0   0   0   4  26  43  45  20   4   1   4  13  12   4   3
  1   0   0   0   4  33  50  29  40  55  23  14  14   2   2   2
  1   0   0   0   5  42  81  80  37  39  42   7   7   8  17  24
  1   0   0   0   5  53  90  97  88  79  54  44  54  20  22  24
 18  21  22  23  24  26  36  49  22  14  17  16  16  15  15  30
 20  26  28  30  31  32  62  73  35  14  17  18  18  18  24  45
 30  43  62  70  47  47  90  78  56  37  22  25  26  27  42  36
 51  98 101  82  52  84 100  80  59  45  35  55  38  44  47  23
 60 108 105  84  58  67  54  52  51  80 116 121  71  68  58  23
 58 106 102  81  59  94 102 111 114  92  55 104 124  94  52  31
 48  86  93  79  55  85 113 131  95  52  54  45  64  58  40  46
 34  46  53  56  47  58 103 126 153 111  72  66  46  24  20  32
 23  38  63  74  98  84  92 116 118 100 128 124  76  26  17  13
 17  25  36  51  66  44  63 108 101 112 111  99  50  22  18  15
 17  17  15  16  21  33  67 122 125  92  88  86  43  37  81  79
 18  21  20  20  27  55  86 114  94  63  63  59  55  81  83  70
 18  21  21  21  30  67 102 102  60  32  26  33  50  44  29  27
 17  21  21  21  30  76 106  73  91 110  51  41  45  25  23  23
 17  20  21  22  31  88 144 139  84  91  96  31  30  37  57  65
 17  20  21  22  31 102 155 161 149 139 102  87 102  56  68  65
 17  20  20  22  23  26  39  52  16   3   4   4   4   3   3  34
 20  28  32  36  37  38  70  82  32   3   6   6   6   7  20  62
 35  56  80  92  60  58 104  88  59  34  13  14  16  17  52  48
 72 135 137 109  67  99 117  91  63  45  34  60  33  44  61  25
 85 149 141 110  77  86  65  60  55 101 149 162  97  93  81  29
 84 148 139 108  77 113 120 141 154 128  81 134 161 124  75  45
 66 118 126 104  70 100 141 176 135  77  61  47  82  76  54  61
 45  63  72  74  61  72 132 175 201 149 101  91  59  21  19  37
 23  38  62  79 125 108 124 162 158 139 174 168  94  16   5   7
 15  19  30  61  91  66  82 152 140 151 152 136  56  11   6   5
 13  10   5   5  17  35  87 166 165 127 121 117  47  38 101 101
 13  16  15  16  22  50 109 154 128  91  93  86  69 103 110  91
 13  16  16  16  24  62 125 135  79  43  32  43  67  59  35  27
 13  16  16  16  25  72 107  86 113 138  62  48  55  24  20  20
 13  16  16  16  25  83 135 132  83 110 117  30  22  28  52  63
 13  16  16  17  25  96 147 156 143 131  95  80  92  48  65  65

  8   9   4   2   1   3   7   6   1   1  33  27   3   2  24  24
  1   4   9  11  12  14   6   1   1   1  36  30   4   2  17  22
  1   1   7  16  21  43  19   3   7   4  12  31  12   2   8  20
  0   1   7  15  24  63  25  11  33  15  12  16  13  14   7  54
  0   2   6  24  55  48  18  21  59  37  31  12   4  14   7  44
  1   1   4   8  54  12  20  24  62  45  30  11   1  23  42  54
  0   0   2   8  33  40  12  50  40  50  36  16   4  55  39  79
  2   3   6  13  14  54  40  86  56  44  62  38  20  40  37  88
  5   9  10  12   7  41  66  60  54  50  60  52  45  29  80  97
  1   6  15  18   9  22  34  33  39  26  27  37  43  50  81  90
  0   0   2  18   8  20  15   6  35  13   6  17  26  33  42  53
  0   1   3   3   5   5   4   2  54  29   1   5   4   4   5   5
  0   1   5   4   6   5   6   2  44  24   1   1   0   0   0   0
  0   0   3   5   6   5   5   2  38  18   2   1   0   0   0   0
  0   0   2   5   7   7   4   0  13   6   1   1   0   0   0   0
  1   2   1   4   3   3   4   3   2   2   2   1   1   1   1   1
 30  45  36  23  23  31  46  32  13  15  79  70  27  23  65  65
 15  24  42  47  58  52  40  20  17  18  81  83  29  23  57  68
 15  18  27  44  68  94  58  24  26  22  37  81  44  25  37  56
 16  18  26  38  71 124  64  46  76  50  43  55  50  45  30 102
 16  18  25  55 121 104  45  66 124  99  86  59  33  41  31  87
 17  17  22  35 116  55  54  72 128 111  88  63  26  51  96 102
 14  14  37  45  80  92  52 111 100 112  92  63  32 110  91 139
 22  35  56  59  51 114  95 153 118 101 125  94  60  91  84 149
 49  73  78  80  52 111 131 126 116 108 122 114 102  73 139 161
 36  62  90 100  54 102 113 103  92  63  67  86 102 106 144 155
 26  32  47  84  67  94  85  58  84  44  33  55  67  76  88 102
 24  31  47  52  58  59  55  47  98  66  21  27  30  30  31  31
 23  30  70  82  84  81  79  56  74  51  16  20  21  21  22  22
 22  28  62 101 105 102  93  53  63  36  15  20  21  21  21  21
 21  26  43  98 108 106  86  46  38  25  17  21  21  21  20  20
 18  20  30  51  60  58  48  34  23  17  17  18  18  17  17  17
 34  62  48  25  29  45  61  37   7   5 101  91  27  20  63  65
  3  20  52  61  81  75  54  19   5   6 101 110  35  20  52  65
  3   7  17  44  93 124  76  21  16  11  38 103  59  24  28  48
  4   6  16  33  97 161  82  59  94  56  47  69  67  55  22  92
  4   6  14  60 162 134  47  91 168 136 117  86  43  48  30  80
  4   6  13  34 149  81  61 101 174 152 121  93  32  62 117  95
  3   3  34  45 101 128  77 149 139 151 127  91  43 138 110 131
 16  32  59  63  55 154 135 201 158 140 165 128  79 113  83 143
 52  82  88  91  60 141 176 175 162 152 166 154 135  86 132 156
 39  70 104 117  65 120 141 132 124  82  87 109 125 107 135 147
 26  38  58  99  86 113 100  72 108  66  35  50  62  72  83  96
 23  37  60  67  77  77  70  61 125  91  17  22  24  25  25  25
 22  36  92 109 110 108 104  74  79  61   5  16  16  16  16  17
 20  32  80 137 141 139 126  72  62  30   5  15  16  16  16  16
 20  28  56 135 149 148 118  63  38  19  10  16  16  16  16  16
 17  20  35  72  85  84  66  45  23  15  13  13  13  13  13  13

 24  22  20  54  44  54  79  88  97  90  53   5   0   0   0   1
 24  17   8   7   7  42  39  37  80  81  42   5   0   0   0   1
  2   2   2  14  14  23  55  40  29  50  33   4   0   0   0   1
  3   4  12  13   4   1   4  20  45  43  26   4   0   0   0   1
 27  30  31  16  12  11  16  38  52  37  17   5   1   1   1   1
 33  36  12  12  31  30  36  62  60  27   6   1   1   2   1   2
  1   1   4  15  37  45  50  44  50  26  13  29  24  18   6   2
  1   1   7  33  59  62  40  56  54  39  35  54  44  38  13   2
  6   1   3  11  21  24  50  86  60  33   6   2   2   2   0   3
  7   6  19  25  18  20  12  40  66  34  15   4   6   5   4   4
  3  14  43  63  48  12  40  54  41  22  20   5   5   5   7   3
  1  12  21  24  55  54  33  14   7   9   8   5   6   6   7   3
  2  11  16  15  24   8   8  13  12  18  18   3   4   5   5   4
  4   9   7   7   6   4   2   6  10  15   2   3   5   3   2   1
  9   4   1   1   2   1   0   3   9   6   0   1   1   0   0   2
  8   1   1   0   0   1   0   2   5   1   0   0   0   0   0   1
 65  68  56 102  87 102 139 149 161 155 102  31  22  21  20  17
 65  57  37  30  31  96  91  84 139 144  88  31  22  21  20  17
 23  23  25  45  41  51 110  91  73 106  76  30  21  21  21  17
 27  29  44  50  33  26  32  60 102 102  67  30  21  21  21  18
 70  83  81  55  59  63  63  94 114  86  55  27  20  20  21  18
 79  81  37  43  86  88  92 125 122  67  33  21  16  15  17  17
 15  18  22  50  99 111 112 101 108  63  44  66  51  36  25  17
 13  17  26  76 124 128 100 118 116  92  84  98  74  63  38  23
 32  20  24  46  66  72 111 153 126 103  58  47  56  53  46  34
 46  40  58  64  45  54  52  95 131 113  85  55  79  93  86  48
 31  52  94 124 104  55  92 114 111 102  94  59  81 102 106  58
 23  58  68  71 121 116  80  51  52  54  67  58  84 105 108  60
 23  47  44  38  55  35  45  59  80 100  84  52  82 101  98  51
 36  42  27  26  25  22  37  56  78  90  47  47  70  62  43  30
 45  24  18  18  18  17  14  35  73  62  32  31  30  28  26  20
 30  15  15  16  16  17  14  22  49  36  26  24  23  22  21  18
 65  65  48  92  80  95 131 143 156 147  96  25  17  16  16  13
 63  52  28  22  30 117 110  83 132 135  83  25  16  16  16  13
 20  20  24  55  48  62 138 113  86 107  72  25  16  16  16  13
 27  35  59  67  43  32  43  79 135 125  62  24  16  16  16  13
 91 110 103  69  86  93  91 128 154 109  50  22  16  15  16  13
101 101  38  47 117 121 127 165 166  87  35  17   5   5  10  13
  5   6  11  56 136 152 151 140 152  82  66  91  61  30  19  15
  7   5  16  94 168 174 139 158 162 124 108 125  79  62  38  23
 37  19  21  59  91 101 149 201 175 132  72  61  74  72  63  45
 61  54  76  82  47  61  77 135 176 141 100  70 104 126 118  66
 45  75 124 161 134  81 128 154 141 120 113  77 108 139 148  84
 29  81  93  97 162 149 101  55  60  65  86  77 110 141 149  85
 25  61  44  33  60  34  45  63  91 117  99  67 109 137 135  72
 48  52  17  16  14  13  34  59  88 104  58  60  92  80  56  35
 62  20   7   6   6   6   3  32  82  70  38  37  36  32  28  20
 34   3   3   4   4   4   3  16  52  39  26  23  22  20  20  17
